,idx,tok,ans,tok_p,ans_mean,ext_p,weighted
0,0,"

",$\it{Other}$,0.08175671186826836,0.2,0.19341325879858237,0.016351342373653672
1,0,"

",5.0,0.08175671186826836,0.8,0.806586741201418,0.06540536949461469
2,0," 
",$\it{Other}$,0.24368694976118424,0.26666666666666666,0.24579323321062083,0.06498318660298247
3,0," 
",5.0,0.24368694976118424,0.7333333333333333,0.7542067667893794,0.17870376315820177
4,0," 

",$\it{Other}$,0.3335599164607432,0.1,0.09371276474172238,0.03335599164607432
5,0," 

",5.0,0.3335599164607432,0.9,0.9062872352582774,0.30020392481466884
6,0, First,$\it{Other}$,0.10919076703463472,0.2,0.19829376115637737,0.021838153406926946
7,0, First,5.0,0.10919076703463472,0.8,0.8017062388436226,0.08735261362770778
8,0, Harold,$\it{Other}$,0.09778149131485306,0.23333333333333334,0.22721409278247123,0.02281568130679905
9,0, Harold,5.0,0.09778149131485306,0.7666666666666667,0.7727859072175286,0.07496581000805401
10,0, We,$\it{Other}$,0.13402416356031643,0.03333333333333333,0.03395369567722527,0.004467472118677214
11,0, We,5.0,0.13402416356031643,0.9666666666666667,0.9660463043227747,0.12955669144163923
12,1,1,$\it{Other}$,0.5221051135531857,0.1,0.08669575351592125,0.05221051135531857
13,1,1,5.0,0.5221051135531857,0.9,0.9133042464840787,0.4698946021978671
14,1,First,$\it{Other}$,0.15716228510429486,0.16666666666666666,0.1582532025835273,0.026193714184049144
15,1,First,5.0,0.15716228510429486,0.8333333333333334,0.8417467974164726,0.13096857092024572
16,1,Har,$\it{Other}$,0.21649027658170011,0.16666666666666666,0.16480257874974466,0.036081712763616686
17,1,Har,5.0,0.21649027658170011,0.8333333333333334,0.8351974212502556,0.18040856381808343
18,1,Step,$\it{Other}$,0.10424232476081939,0.26666666666666666,0.25828022097605774,0.027797953269551836
19,1,Step,5.0,0.10424232476081939,0.7333333333333333,0.7417197790239425,0.07644437149126755
20,10, night,$\it{Other}$,1.0,0.26666666666666666,0.25443182379211227,0.26666666666666666
21,10, night,5.0,1.0,0.7333333333333333,0.745568176207888,0.7333333333333333
22,100, day,$\it{Other}$,1.0,0.0,0.0,0.0
23,100, day,5.0,1.0,1.0,1.0,1.0
24,101,?,$\it{Other}$,0.795689118151235,0.03333333333333333,0.029831058809323224,0.026522970605041166
25,101,?,5.0,0.795689118151235,0.9666666666666667,0.9701689411906768,0.7691661475461938
26,101,"?
",$\it{Other}$,0.20431088184876495,0.06666666666666667,0.05969677017962393,0.01362072545658433
27,101,"?
",5.0,0.20431088184876495,0.9333333333333333,0.9403032298203764,0.19069015639218062
28,102," 
",$\it{Other}$,1.0,0.03333333333333333,0.029953747800493175,0.03333333333333333
29,102," 
",5.0,1.0,0.9666666666666667,0.9700462521995067,0.9666666666666667
30,103,To,$\it{Other}$,1.0,0.0,0.0,0.0
31,103,To,5.0,1.0,1.0,1.0,1.0
32,104, calculate,$\it{Other}$,0.1555457894399697,0.03333333333333333,0.03308951455296108,0.0051848596479989895
33,104, calculate,5.0,0.1555457894399697,0.9666666666666667,0.9669104854470392,0.1503609297919707
34,104, figure,$\it{Other}$,0.07852425469919769,0.0,0.0,0.0
35,104, figure,5.0,0.07852425469919769,1.0,1.0,0.07852425469919769
36,104, find,$\it{Other}$,0.7659299558608327,0.0,0.0,0.0
37,104, find,5.0,0.7659299558608327,1.0,1.0,0.7659299558608327
38,105, out,$\it{Other}$,0.10440375005202682,0.0,0.0,0.0
39,105, out,5.0,0.10440375005202682,1.0,1.0,0.10440375005202682
40,105, the,$\it{Other}$,0.26296606537015815,0.0,0.0,0.0
41,105, the,5.0,0.26296606537015815,1.0,0.9999999999999996,0.26296606537015815
42,105, this,$\it{Other}$,0.632630184577815,0.0,0.0,0.0
43,105, this,5.0,0.632630184577815,1.0,1.0,0.632630184577815
44,106, out,$\it{Other}$,0.07508919029473961,0.0,0.0,0.0
45,106, out,5.0,0.07508919029473961,1.0,1.0,0.07508919029473961
46,106,",",$\it{Other}$,0.9249108097052603,0.0,0.0,0.0
47,106,",",5.0,0.9249108097052603,1.0,1.0,0.9249108097052603
48,107, we,$\it{Other}$,1.0,0.0,0.0,0.0
49,107, we,5.0,1.0,1.0,1.0,1.0
50,108, need,$\it{Other}$,1.0,0.0,0.0,0.0
51,108, need,5.0,1.0,1.0,1.0,1.0
52,109, to,$\it{Other}$,1.0,0.0,0.0,0.0
53,109, to,5.0,1.0,1.0,1.0,1.0
54,11,",",$\it{Other}$,0.11623307214520565,0.16666666666666666,0.16268128738541568,0.019372178690867606
55,11,",",5.0,0.11623307214520565,0.8333333333333334,0.8373187126145841,0.09686089345433804
56,11,.,$\it{Other}$,0.6111868471523033,0.1,0.10213334206142773,0.06111868471523033
57,11,.,5.0,0.6111868471523033,0.9,0.8978666579385722,0.550068162437073
58,11,".
",$\it{Other}$,0.20809741635249146,0.13333333333333333,0.1286001452718194,0.027746322180332194
59,11,".
",5.0,0.20809741635249146,0.8666666666666667,0.8713998547281807,0.18035109417215928
60,11,:,$\it{Other}$,0.06448266434999968,0.26666666666666666,0.2882322663990059,0.017195377159999914
61,11,:,5.0,0.06448266434999968,0.7333333333333333,0.7117677336009937,0.04728728718999976
62,110, add,$\it{Other}$,0.5334919340442307,0.0,0.0,0.0
63,110, add,5.0,0.5334919340442307,1.0,1.0000000000000004,0.5334919340442307
64,110, calculate,$\it{Other}$,0.12442725048792384,0.0,0.0,0.0
65,110, calculate,5.0,0.12442725048792384,1.0,1.0,0.12442725048792384
66,110, subtract,$\it{Other}$,0.3420808154678454,0.0,0.0,0.0
67,110, subtract,5.0,0.3420808154678454,1.0,1.0,0.3420808154678454
68,111, up,$\it{Other}$,1.0,0.03333333333333333,0.02496452504890755,0.03333333333333333
69,111, up,5.0,1.0,0.9666666666666667,0.975035474951092,0.9666666666666667
70,112, all,$\it{Other}$,0.5096976512119065,0.0,0.0,0.0
71,112, all,5.0,0.5096976512119065,1.0,1.0000000000000004,0.5096976512119065
72,112, the,$\it{Other}$,0.4903023487880936,0.0,0.0,0.0
73,112, the,5.0,0.4903023487880936,1.0,1.0,0.4903023487880936
74,113, the,$\it{Other}$,1.0,0.0,0.0,0.0
75,113, the,5.0,1.0,1.0,1.0,1.0
76,114, activities,$\it{Other}$,0.06583860282706909,0.0,0.0,0.0
77,114, activities,5.0,0.06583860282706909,1.0,1.0,0.06583860282706909
78,114, time,$\it{Other}$,0.9341613971729309,0.0,0.0,0.0
79,114, time,5.0,0.9341613971729309,1.0,0.9999999999999996,0.9341613971729309
80,115, he,$\it{Other}$,0.825312156994599,0.0,0.0,0.0
81,115, he,5.0,0.825312156994599,1.0,1.0,0.825312156994599
82,115, that,$\it{Other}$,0.1746878430054009,0.0,0.0,0.0
83,115, that,5.0,0.1746878430054009,1.0,1.0,0.1746878430054009
84,116, spends,$\it{Other}$,1.0,0.0,0.0,0.0
85,116, spends,5.0,1.0,1.0,1.0,1.0
86,117, on,$\it{Other}$,0.15689172130947804,0.0,0.0,0.0
87,117, on,5.0,0.15689172130947804,1.0,1.0000000000000004,0.15689172130947804
88,117, sleeping,$\it{Other}$,0.843108278690522,0.0,0.0,0.0
89,117, sleeping,5.0,0.843108278690522,1.0,1.0,0.843108278690522
90,118,",",$\it{Other}$,1.0,0.0,0.0,0.0
91,118,",",5.0,1.0,1.0,1.0,1.0
92,119, working,$\it{Other}$,1.0,0.0,0.0,0.0
93,119, working,5.0,1.0,1.0,1.0000000000000004,1.0
94,12," 
",$\it{Other}$,0.34296577273051126,0.1,0.09678340481315323,0.034296577273051125
95,12," 
",5.0,0.34296577273051126,0.9,0.9032165951868468,0.30866919545746013
96,12," 

",$\it{Other}$,0.08211013486647549,0.16666666666666666,0.16093003771467979,0.013685022477745914
97,12," 

",5.0,0.08211013486647549,0.8333333333333334,0.8390699622853198,0.06842511238872957
98,12, So,$\it{Other}$,0.17481831842792586,0.2,0.19269784959251451,0.03496366368558517
99,12, So,5.0,0.17481831842792586,0.8,0.8073021504074852,0.13985465474234068
100,12, That,$\it{Other}$,0.07607225818819409,0.2,0.18744104199973546,0.015214451637638819
101,12, That,5.0,0.07607225818819409,0.8,0.8125589580002645,0.060857806550555275
102,12, This,$\it{Other}$,0.3240335157868932,0.16666666666666666,0.16308772618713893,0.0540055859644822
103,12, This,5.0,0.3240335157868932,0.8333333333333334,0.836912273812861,0.27002792982241103
104,120, and,$\it{Other}$,0.11132533865995203,0.0,0.0,0.0
105,120, and,5.0,0.11132533865995203,1.0,1.0000000000000004,0.11132533865995203
106,120,",",$\it{Other}$,0.888674661340048,0.0,0.0,0.0
107,120,",",5.0,0.888674661340048,1.0,1.0,0.888674661340048
108,121, and,$\it{Other}$,1.0,0.0,0.0,0.0
109,121, and,5.0,1.0,1.0,1.0000000000000004,1.0
110,122, walking,$\it{Other}$,1.0,0.0,0.0,0.0
111,122, walking,5.0,1.0,1.0,1.0,1.0
112,123, his,$\it{Other}$,1.0,0.0,0.0,0.0
113,123, his,5.0,1.0,1.0,1.0,1.0
114,124, dog,$\it{Other}$,1.0,0.0,0.0,0.0
115,124, dog,5.0,1.0,1.0,1.0,1.0
116,125, and,$\it{Other}$,0.13512506722223844,0.0,0.0,0.0
117,125, and,5.0,0.13512506722223844,1.0,1.0,0.13512506722223844
118,125,",",$\it{Other}$,0.1525462873257561,0.0,0.0,0.0
119,125,",",5.0,0.1525462873257561,1.0,1.0,0.1525462873257561
120,125,.,$\it{Other}$,0.6383675236979327,0.0,0.0,0.0
121,125,.,5.0,0.6383675236979327,1.0,1.0,0.6383675236979327
122,125,:,$\it{Other}$,0.07396112175407268,0.0,0.0,0.0
123,125,:,5.0,0.07396112175407268,1.0,0.9999999999999996,0.07396112175407268
124,126," 
",$\it{Other}$,0.8142858601667923,0.0,0.0,0.0
125,126," 
",5.0,0.8142858601667923,1.0,1.0,0.8142858601667923
126,126," 

",$\it{Other}$,0.10635872980803829,0.0,0.0,0.0
127,126," 

",5.0,0.10635872980803829,1.0,1.0,0.10635872980803829
128,126, So,$\it{Other}$,0.07935541002516941,0.0,0.0,0.0
129,126, So,5.0,0.07935541002516941,1.0,1.0,0.07935541002516941
130,127,10,$\it{Other}$,0.7097451228363277,0.0,0.0,0.0
131,127,10,5.0,0.7097451228363277,1.0,1.0,0.7097451228363277
132,127,So,$\it{Other}$,0.21868143227962955,0.0,0.0,0.0
133,127,So,5.0,0.21868143227962955,1.0,1.0,0.21868143227962955
134,127,Total,$\it{Other}$,0.0715734448840428,0.0,0.0,0.0
135,127,Total,5.0,0.0715734448840428,1.0,1.0,0.0715734448840428
136,128, +,$\it{Other}$,0.16737756518770086,0.0,0.0,0.0
137,128, +,5.0,0.16737756518770086,1.0,1.0,0.16737756518770086
138,128, hours,$\it{Other}$,0.8326224348122991,0.0,0.0,0.0
139,128, hours,5.0,0.8326224348122991,1.0,0.9999999999999996,0.8326224348122991
140,129, (,$\it{Other}$,0.09944396891499298,0.0,0.0,0.0
141,129, (,5.0,0.09944396891499298,1.0,0.9999999999999996,0.09944396891499298
142,129, +,$\it{Other}$,0.7374254062765657,0.0,0.0,0.0
143,129, +,5.0,0.7374254062765657,1.0,1.0,0.7374254062765657
144,129, of,$\it{Other}$,0.16313062480844145,0.0,0.0,0.0
145,129, of,5.0,0.16313062480844145,1.0,1.0000000000000004,0.16313062480844145
146,13,-,$\it{Other}$,0.073175672653347,0.06666666666666667,0.05695495535174537,0.0048783781768898
147,13,-,5.0,0.073175672653347,0.9333333333333333,0.9430450446482546,0.0682972944764572
148,13,2,$\it{Other}$,0.15494599315246588,0.06666666666666667,0.060339285527580305,0.010329732876831059
149,13,2,5.0,0.15494599315246588,0.9333333333333333,0.9396607144724196,0.14461626027563482
150,13,If,$\it{Other}$,0.08297474836396718,0.5333333333333333,0.533832588248263,0.04425319912744916
151,13,If,5.0,0.08297474836396718,0.4666666666666667,0.4661674117517369,0.038721549236518014
152,13,Since,$\it{Other}$,0.06393155928129968,0.1,0.09505914214877621,0.006393155928129968
153,13,Since,5.0,0.06393155928129968,0.9,0.9049408578512239,0.05753840335316971
154,13,So,$\it{Other}$,0.18852961907741655,0.2,0.1861899056037463,0.037705923815483315
155,13,So,5.0,0.18852961907741655,0.8,0.813810094396253,0.15082369526193326
156,13,This,$\it{Other}$,0.43644240747150365,0.03333333333333333,0.03283579633984954,0.01454808024905012
157,13,This,5.0,0.43644240747150365,0.9666666666666667,0.9671642036601508,0.4218943272224535
158,130, ,$\it{Other}$,1.0,0.0,0.0,0.0
159,130, ,5.0,1.0,1.0,1.0,1.0
160,131,8,$\it{Other}$,1.0,0.0,0.0,0.0
161,131,8,5.0,1.0,1.0,1.0,1.0
162,132, hours,$\it{Other}$,1.0,0.0,0.0,0.0
163,132, hours,5.0,1.0,1.0,1.0,1.0
164,133, +,$\it{Other}$,1.0,0.0,0.0,0.0
165,133, +,5.0,1.0,1.0,1.0,1.0
166,134, ,$\it{Other}$,1.0,0.0,0.0,0.0
167,134, ,5.0,1.0,1.0,0.9643623155632162,1.0
168,135,1,$\it{Other}$,1.0,0.0,0.0,0.0
169,135,1,5.0,1.0,1.0,0.9999999999999996,1.0
170,136, hour,$\it{Other}$,1.0,0.0,0.0,0.0
171,136, hour,5.0,1.0,1.0,1.0,1.0
172,137, =,$\it{Other}$,1.0,0.0,0.0,0.0
173,137, =,5.0,1.0,1.0,0.9999999999999996,1.0
174,138, ,$\it{Other}$,1.0,0.0,0.0,0.0
175,138, ,5.0,1.0,1.0,1.0,1.0
176,139,19,$\it{Other}$,1.0,0.0,0.0,0.0
177,139,19,5.0,1.0,1.0,1.0,1.0
178,14, means,$\it{Other}$,1.0,0.2,0.19263181790127645,0.2
179,14, means,5.0,1.0,0.8,0.8073681820987239,0.8
180,140, hours,$\it{Other}$,1.0,0.03333333333333333,0.025728152156760546,0.03333333333333333
181,140, hours,5.0,1.0,0.9666666666666667,0.9742718478432393,0.9666666666666667
182,141,"
",$\it{Other}$,0.08043030434394638,0.0,0.0,0.0
183,141,"
",5.0,0.08043030434394638,1.0,0.9242578469731243,0.08043030434394638
184,141,"

",$\it{Other}$,0.17043084697652303,0.0,0.0,0.0
185,141,"

",5.0,0.17043084697652303,1.0,1.0,0.17043084697652303
186,141," 
",$\it{Other}$,0.19579163849508494,0.0,0.0,0.0
187,141," 
",5.0,0.19579163849508494,1.0,0.9648269015211954,0.19579163849508494
188,141," 

",$\it{Other}$,0.13881454378128796,0.0,0.0,0.0
189,141," 

",5.0,0.13881454378128796,1.0,0.9624736340756315,0.13881454378128796
190,141,.,$\it{Other}$,0.2635750177666285,0.0,0.0,0.0
191,141,.,5.0,0.2635750177666285,1.0,1.0000000000000004,0.2635750177666285
192,141,".

",$\it{Other}$,0.15095764863652922,0.0,0.0,0.0
193,141,".

",5.0,0.15095764863652922,1.0,0.9638362406996741,0.15095764863652922
194,142," 
",$\it{Other}$,0.34098691186170205,0.0,0.0,0.0
195,142," 
",5.0,0.34098691186170205,1.0,0.9270480965243914,0.34098691186170205
196,142," 

",$\it{Other}$,0.659013088138298,0.0,0.0,0.0
197,142," 

",5.0,0.659013088138298,1.0,1.0,0.659013088138298
198,143,Since,$\it{Other}$,1.0,0.0,0.0,0.0
199,143,Since,5.0,1.0,1.0,0.9252297025806939,1.0
200,144, a,$\it{Other}$,0.1501490198552783,0.0,0.0,0.0
201,144, a,5.0,0.1501490198552783,1.0,0.9633009957916744,0.1501490198552783
202,144, there,$\it{Other}$,0.8498509801447217,0.0,0.0,0.0
203,144, there,5.0,0.8498509801447217,1.0,0.8231463989479518,0.8498509801447217
204,145, are,$\it{Other}$,1.0,0.0,0.0,0.0
205,145, are,5.0,1.0,1.0,0.8895699540880738,1.0
206,146, ,$\it{Other}$,1.0,0.0,0.0,0.0
207,146, ,5.0,1.0,1.0,0.8920992171592227,1.0
208,147,24,$\it{Other}$,1.0,0.0,0.0,0.0
209,147,24,5.0,1.0,1.0,1.0,1.0
210,148, hours,$\it{Other}$,1.0,0.0,0.0,0.0
211,148, hours,5.0,1.0,1.0,0.9630407280983777,1.0
212,149, in,$\it{Other}$,1.0,0.0,0.0,0.0
213,149, in,5.0,1.0,1.0,0.9638460954402127,1.0
214,15, he,$\it{Other}$,0.1733693888676964,0.1,0.0934310012987296,0.01733693888676964
215,15, he,5.0,0.1733693888676964,0.9,0.9065689987012712,0.15603244998092677
216,15, that,$\it{Other}$,0.8266306111323036,0.03333333333333333,0.030674879750211548,0.02755435370441012
217,15, that,5.0,0.8266306111323036,0.9666666666666667,0.9693251202497883,0.7990762574278936
218,150, a,$\it{Other}$,1.0,0.0,0.0,0.0
219,150, a,5.0,1.0,1.0,0.8939322070437418,1.0
220,151, day,$\it{Other}$,1.0,0.0,0.0,0.0
221,151, day,5.0,1.0,1.0,0.6804404712365177,1.0
222,152,",",$\it{Other}$,1.0,0.0,0.0,0.0
223,152,",",5.0,1.0,1.0,0.9645550098652429,1.0
224,153, Harold,$\it{Other}$,0.1847319892505678,0.0,0.0,0.0
225,153, Harold,5.0,0.1847319892505678,1.0,0.497714749216379,0.1847319892505678
226,153, this,$\it{Other}$,0.20034383549608914,0.0,0.0,0.0
227,153, this,5.0,0.20034383549608914,1.0,0.5298417767302592,0.20034383549608914
228,153, we,$\it{Other}$,0.614924175253343,0.0,0.0,0.0
229,153, we,5.0,0.614924175253343,1.0,0.9280062970591241,0.614924175253343
230,154, can,$\it{Other}$,1.0,0.0,0.0,0.0
231,154, can,5.0,1.0,1.0,1.0,1.0
232,155, calculate,$\it{Other}$,0.11985642754546562,0.0,0.0,0.0
233,155, calculate,5.0,0.11985642754546562,1.0,0.9621615415269618,0.11985642754546562
234,155, find,$\it{Other}$,0.0742886580520411,0.0,0.0,0.0
235,155, find,5.0,0.0742886580520411,1.0,1.0,0.0742886580520411
236,155, subtract,$\it{Other}$,0.8058549144024933,0.0,0.0,0.0
237,155, subtract,5.0,0.8058549144024933,1.0,1.0,0.8058549144024933
238,156, ,$\it{Other}$,0.5959335444792202,0.0,0.0,0.0
239,156, ,5.0,0.5959335444792202,1.0,1.0,0.5959335444792202
240,156, the,$\it{Other}$,0.4040664555207797,0.0,0.0,0.0
241,156, the,5.0,0.4040664555207797,1.0,1.0,0.4040664555207797
242,157,19,$\it{Other}$,1.0,0.0,0.0,0.0
243,157,19,5.0,1.0,1.0,0.9999999999999996,1.0
244,158, from,$\it{Other}$,0.3580627746194707,0.0,0.0,0.0
245,158, from,5.0,0.3580627746194707,1.0,1.0,0.3580627746194707
246,158, hours,$\it{Other}$,0.6419372253805292,0.0,0.0,0.0
247,158, hours,5.0,0.6419372253805292,1.0,0.9288017776774953,0.6419372253805292
248,159, from,$\it{Other}$,1.0,0.0,0.0,0.0
249,159, from,5.0,1.0,1.0,0.9282428613485457,1.0
250,16, Harold,$\it{Other}$,0.36019487905106373,0.13333333333333333,0.12615812650952998,0.04802598387347516
251,16, Harold,5.0,0.36019487905106373,0.8666666666666667,0.8738418734904702,0.31216889517758856
252,16, he,$\it{Other}$,0.4431647139306107,0.03333333333333333,0.029636974183593744,0.014772157131020355
253,16, he,5.0,0.4431647139306107,0.9666666666666667,0.9703630258164061,0.4283925567995903
254,16, out,$\it{Other}$,0.19664040701832555,0.16666666666666666,0.1590133573580939,0.032773401169720925
255,16, out,5.0,0.19664040701832555,0.8333333333333334,0.8409866426419061,0.16386700584860464
256,160, ,$\it{Other}$,1.0,0.0,0.0,0.0
257,160, ,5.0,1.0,1.0,0.8923357445825577,1.0
258,161,24,$\it{Other}$,1.0,0.0,0.0,0.0
259,161,24,5.0,1.0,1.0,0.9638860449346857,1.0
260,162, hours,$\it{Other}$,0.7227158746453386,0.0,0.0,0.0
261,162, hours,5.0,0.7227158746453386,1.0,0.7848836816676505,0.7227158746453386
262,162, to,$\it{Other}$,0.27728412535466146,0.0,0.0,0.0
263,162, to,5.0,0.27728412535466146,1.0,0.8954084794829533,0.27728412535466146
264,163, to,$\it{Other}$,1.0,0.0,0.0,0.0
265,163, to,5.0,1.0,1.0,0.9278771828045305,1.0
266,164, find,$\it{Other}$,1.0,0.0,0.0,0.0
267,164, find,5.0,1.0,1.0,0.9641782147377249,1.0
268,165, Harold,$\it{Other}$,0.10983008639697099,0.0,0.0,0.0
269,165, Harold,5.0,0.10983008639697099,1.0,0.5754979382457674,0.10983008639697099
270,165, how,$\it{Other}$,0.12561879724657113,0.0,0.0,0.0
271,165, how,5.0,0.12561879724657113,1.0,0.6174627101360236,0.12561879724657113
272,165, out,$\it{Other}$,0.3595905066296511,0.0,0.0,0.0
273,165, out,5.0,0.3595905066296511,1.0,0.6192506107267459,0.3595905066296511
274,165, the,$\it{Other}$,0.40496060972680675,0.0,0.0,0.0
275,165, the,5.0,0.40496060972680675,1.0,0.6550835359860935,0.40496060972680675
276,166, amount,$\it{Other}$,0.8460154996151865,0.0,0.0,0.0
277,166, amount,5.0,0.8460154996151865,1.0,0.8606383842915292,0.8460154996151865
278,166, remaining,$\it{Other}$,0.15398450038481354,0.0,0.0,0.0
279,166, remaining,5.0,0.15398450038481354,1.0,0.6421079190360894,0.15398450038481354
280,167, of,$\it{Other}$,1.0,0.0,0.0,0.0
281,167, of,5.0,1.0,1.0,0.614924079558981,1.0
282,168, free,$\it{Other}$,1.0,0.0,0.0,0.0
283,168, free,5.0,1.0,1.0,0.8216342542532342,1.0
284,169, time,$\it{Other}$,1.0,0.0,0.0,0.0
285,169, time,5.0,1.0,1.0,0.6522272467445909,1.0
286,17, is,$\it{Other}$,0.13461339912987916,0.23333333333333334,0.23123314276385232,0.03140979313030514
287,17, is,5.0,0.13461339912987916,0.7666666666666667,0.7687668572361473,0.10320360599957402
288,17, sleeps,$\it{Other}$,0.1725403737872513,0.1,0.09070691243960796,0.01725403737872513
289,17, sleeps,5.0,0.1725403737872513,0.9,0.9092930875603922,0.15528633640852615
290,17, spends,$\it{Other}$,0.6928462270828695,0.1,0.10560469952372922,0.06928462270828695
291,17, spends,5.0,0.6928462270828695,0.9,0.8943953004762708,0.6235616043745825
292,170, Harold,$\it{Other}$,1.0,0.0,0.0,0.0
293,170, Harold,5.0,1.0,1.0,0.6852507295988001,1.0
294,171, has,$\it{Other}$,1.0,0.0,0.0,0.0
295,171, has,5.0,1.0,1.0,0.85136675126998,1.0
296,172, left,$\it{Other}$,0.8717817504654894,0.0,0.0,0.0
297,172, left,5.0,0.8717817504654894,1.0,0.7913821443574076,0.8717817504654894
298,172,.,$\it{Other}$,0.12821824953451055,0.0,0.0,0.0
299,172,.,5.0,0.12821824953451055,1.0,0.44687512683140374,0.12821824953451055
300,173, in,$\it{Other}$,0.4925304307552447,0.0,0.0,0.0
301,173, in,5.0,0.4925304307552447,1.0,0.5513734709888617,0.4925304307552447
302,173,.,$\it{Other}$,0.5074695692447553,0.0,0.0,0.0
303,173,.,5.0,0.5074695692447553,1.0,0.3193956826517509,0.5074695692447553
304,174," 
",$\it{Other}$,0.9121744616891093,0.0,0.0,0.0
305,174," 
",5.0,0.9121744616891093,1.0,0.5154165780155167,0.9121744616891093
306,174," 

",$\it{Other}$,0.08782553831089061,0.0,0.0,0.0
307,174," 

",5.0,0.08782553831089061,1.0,0.500021824093663,0.08782553831089061
308,175,24,$\it{Other}$,1.0,0.0,0.0,0.0
309,175,24,5.0,1.0,1.0,0.41328497897966426,1.0
310,176, hours,$\it{Other}$,1.0,0.0,0.0,0.0
311,176, hours,5.0,1.0,1.0,0.5353420848320297,1.0
312,177, -,$\it{Other}$,1.0,0.0,0.0,0.0
313,177, -,5.0,1.0,1.0,0.3271073982538617,1.0
314,178, ,$\it{Other}$,1.0,0.0,0.0,0.0
315,178, ,5.0,1.0,1.0,0.43141309495688157,1.0
316,179,19,$\it{Other}$,1.0,0.0,0.0,0.0
317,179,19,5.0,1.0,1.0,0.3722561429991432,1.0
318,18, ,$\it{Other}$,1.0,0.06666666666666667,0.06279847055527989,0.06666666666666667
319,18, ,5.0,1.0,0.9333333333333333,0.9372015294447199,0.9333333333333333
320,180, hours,$\it{Other}$,1.0,0.0,0.0,0.0
321,180, hours,5.0,1.0,1.0,0.3140193530262875,1.0
322,181, =,$\it{Other}$,1.0,0.0,0.0,0.0
323,181, =,5.0,1.0,1.0,0.40238971978772603,1.0
324,182, ,$\it{Other}$,1.0,0.0,0.0,0.0
325,182, ,5.0,1.0,1.0,0.4057436319345798,1.0
326,183,5,$\it{Other}$,1.0,0.0,0.0,0.0
327,183,5,5.0,1.0,1.0,0.40875995311725927,1.0
328,184, hours,$\it{Other}$,1.0,0.0,0.0,0.0
329,184, hours,5.0,1.0,1.0,0.37620082149062156,1.0
330,185,.,$\it{Other}$,0.8300730922946371,0.0,0.0,0.0
331,185,.,5.0,0.8300730922946371,1.0,0.3070651625741815,0.8300730922946371
332,185,".

",$\it{Other}$,0.16992690770536278,0.0,0.0,0.0
333,185,".

",5.0,0.16992690770536278,1.0,0.303243643637955,0.16992690770536278
334,186," 

",$\it{Other}$,1.0,0.0,0.0,0.0
335,186," 

",5.0,1.0,1.0,0.26698054248420977,1.0
336,187,Therefore,$\it{Other}$,1.0,0.0,0.0,0.0
337,187,Therefore,5.0,1.0,1.0,0.27599483396179497,1.0
338,188,",",$\it{Other}$,1.0,0.0,0.0,0.0
339,188,",",5.0,1.0,1.0,0.1620176288712061,1.0
340,189, Harold,$\it{Other}$,1.0,0.0,0.0,0.0
341,189, Harold,5.0,1.0,1.0,0.21407951748486437,1.0
342,19,10,$\it{Other}$,1.0,0.0,0.0,0.0
343,19,10,5.0,1.0,1.0,1.0,1.0
344,190, has,$\it{Other}$,1.0,0.0,0.0,0.0
345,190, has,5.0,1.0,1.0,0.1857777437674047,1.0
346,191, ,$\it{Other}$,1.0,0.0,0.0,0.0
347,191, ,5.0,1.0,1.0,0.2350325588574411,1.0
348,192,5,$\it{Other}$,1.0,0.0,0.0,0.0
349,192,5,5.0,1.0,1.0,0.2578217929904825,1.0
350,193, hours,$\it{Other}$,1.0,0.0,0.0,0.0
351,193, hours,5.0,1.0,1.0,0.21170018701156942,1.0
352,194, of,$\it{Other}$,1.0,0.0,0.0,0.0
353,194, of,5.0,1.0,1.0,0.21355610459647342,1.0
354,195, free,$\it{Other}$,1.0,0.0,0.0,0.0
355,195, free,5.0,1.0,1.0,0.14871322968545853,1.0
356,196, time,$\it{Other}$,1.0,0.0,0.0,0.0
357,196, time,5.0,1.0,1.0,0.17371160236227032,1.0
358,197, each,$\it{Other}$,0.05727284829617923,0.0,0.0,0.0
359,197, each,5.0,0.05727284829617923,1.0,0.07360253194097117,0.05727284829617923
360,197, in,$\it{Other}$,0.38630706549958355,0.0,0.0,0.0
361,197, in,5.0,0.38630706549958355,1.0,0.061111651736071575,0.38630706549958355
362,197, left,$\it{Other}$,0.5564200862042372,0.0,0.0,0.0
363,197, left,5.0,0.5564200862042372,1.0,0.08499753937073327,0.5564200862042372
364,198, in,$\it{Other}$,1.0,0.0,0.0,0.0
365,198, in,5.0,1.0,1.0,0.11689558673566086,1.0
366,199, his,$\it{Other}$,1.0,0.0,0.0,0.0
367,199, his,5.0,1.0,1.0,0.11092710721502742,1.0
368,2,),$\it{Other}$,0.3374819444933284,0.16666666666666666,0.16095634986371635,0.056246990748888066
369,2,),5.0,0.3374819444933284,0.8333333333333334,0.8390436501362832,0.28123495374444035
370,2,.,$\it{Other}$,0.6625180555066716,0.16666666666666666,0.17094497226874827,0.1104196759177786
371,2,.,5.0,0.6625180555066716,0.8333333333333334,0.8290550277312518,0.5520983795888931
372,20, hours,$\it{Other}$,1.0,0.03333333333333333,0.024552786314308434,0.03333333333333333
373,20, hours,5.0,1.0,0.9666666666666667,0.9754472136856914,0.9666666666666667
374,200, day,$\it{Other}$,1.0,0.0,0.0,0.0
375,200, day,5.0,1.0,1.0,0.1265545480551614,1.0
376,201,.,$\it{Other}$,1.0,0.0,0.0,0.0
377,201,.,5.0,1.0,1.0,0.0862816200180302,1.0
378,21, every,$\it{Other}$,0.10310206502495106,0.1,0.08908102243324573,0.010310206502495107
379,21, every,5.0,0.10310206502495106,0.9,0.9109189775667541,0.09279185852245596
380,21, of,$\it{Other}$,0.6394933486867966,0.06666666666666667,0.056091048294387734,0.042632889912453106
381,21, of,5.0,0.6394933486867966,0.9333333333333333,0.9439089517056124,0.5968604587743436
382,21, out,$\it{Other}$,0.0876011144735574,0.1,0.09992087727388829,0.00876011144735574
383,21, out,5.0,0.0876011144735574,0.9,0.9000791227261123,0.07884100302620166
384,21, sleeping,$\it{Other}$,0.16980347181469496,0.06666666666666667,0.06808571662216954,0.011320231454312997
385,21, sleeping,5.0,0.16980347181469496,0.9333333333333333,0.9319142833778306,0.15848324036038197
386,22, his,$\it{Other}$,1.0,0.06666666666666667,0.07386951402441565,0.06666666666666667
387,22, his,5.0,1.0,0.9333333333333333,0.9261304859755846,0.9333333333333333
388,23, day,$\it{Other}$,1.0,0.0,0.0,0.0
389,23, day,5.0,1.0,1.0,1.0,1.0
390,24, sleeping,$\it{Other}$,1.0,0.03333333333333333,0.026081655375253962,0.03333333333333333
391,24, sleeping,5.0,1.0,0.9666666666666667,0.9739183446247458,0.9666666666666667
392,25,",",$\it{Other}$,0.05197790643114572,0.3333333333333333,0.32126353167777366,0.017325968810381905
393,25,",",5.0,0.05197790643114572,0.6666666666666666,0.6787364683222262,0.03465193762076381
394,25,.,$\it{Other}$,0.4088036028039168,0.1,0.08888015242536006,0.04088036028039169
395,25,.,5.0,0.4088036028039168,0.9,0.91111984757464,0.36792324252352515
396,25,".

",$\it{Other}$,0.5392184907649376,0.03333333333333333,0.033868058868997956,0.017973949692164586
397,25,".

",5.0,0.5392184907649376,0.9666666666666667,0.9661319411310021,0.521244541072773
398,26,2,$\it{Other}$,1.0,0.03333333333333333,0.03282251461987746,0.03333333333333333
399,26,2,5.0,1.0,0.9666666666666667,0.9671774853801225,0.9666666666666667
400,27,.,$\it{Other}$,1.0,0.06666666666666667,0.05778518975162162,0.06666666666666667
401,27,.,5.0,1.0,0.9333333333333333,0.9422148102483784,0.9333333333333333
402,28, He,$\it{Other}$,1.0,0.1,0.08872002137691826,0.1
403,28, He,5.0,1.0,0.9,0.9112799786230811,0.9
404,29, works,$\it{Other}$,1.0,0.06666666666666667,0.06307416330333422,0.06666666666666667
405,29, works,5.0,1.0,0.9333333333333333,0.9369258366966656,0.9333333333333333
406,3, First,$\it{Other}$,0.11030723802596251,0.23333333333333334,0.21963803807139415,0.025738355539391255
407,3, First,5.0,0.11030723802596251,0.7666666666666667,0.7803619619286057,0.08456888248657127
408,3, Harold,$\it{Other}$,0.8289352246698456,0.3,0.2861147777551573,0.24868056740095368
409,3, Harold,5.0,0.8289352246698456,0.7,0.7138852222448425,0.5802546572688919
410,3, We,$\it{Other}$,0.06075753730419187,0.16666666666666666,0.16146441833911998,0.010126256217365312
411,3, We,5.0,0.06075753730419187,0.8333333333333334,0.8385355816608803,0.05063128108682656
412,30, ,$\it{Other}$,1.0,0.03333333333333333,0.027881121846738695,0.03333333333333333
413,30, ,5.0,1.0,0.9666666666666667,0.9721188781532616,0.9666666666666667
414,31,2,$\it{Other}$,1.0,0.03333333333333333,0.03180678499531081,0.03333333333333333
415,31,2,5.0,1.0,0.9666666666666667,0.9681932150046892,0.9666666666666667
416,32, hours,$\it{Other}$,1.0,0.06666666666666667,0.06529379646984142,0.06666666666666667
417,32, hours,5.0,1.0,0.9333333333333333,0.9347062035301585,0.9333333333333333
418,33, less,$\it{Other}$,1.0,0.1,0.09707463951892317,0.1
419,33, less,5.0,1.0,0.9,0.9029253604810771,0.9
420,34, than,$\it{Other}$,1.0,0.1,0.09774971360489154,0.1
421,34, than,5.0,1.0,0.9,0.9022502863951085,0.9
422,35, he,$\it{Other}$,1.0,0.0,0.0,0.0
423,35, he,5.0,1.0,1.0,1.0,1.0
424,36, sleeps,$\it{Other}$,1.0,0.03333333333333333,0.033957729924170864,0.03333333333333333
425,36, sleeps,5.0,1.0,0.9666666666666667,0.9660422700758291,0.9666666666666667
426,37,.,$\it{Other}$,0.6947122083066046,0.03333333333333333,0.0337240346564616,0.023157073610220152
427,37,.,5.0,0.6947122083066046,0.9666666666666667,0.9662759653435382,0.6715551346963845
428,37,".
",$\it{Other}$,0.30528779169339526,0.1,0.09797245797654908,0.030528779169339527
429,37,".
",5.0,0.30528779169339526,0.9,0.9020275420234511,0.27475901252405577
430,38," 
",$\it{Other}$,1.0,0.1,0.09018848978385717,0.1
431,38," 
",5.0,1.0,0.9,0.909811510216143,0.9
432,39,If,$\it{Other}$,0.4070046672450386,0.03333333333333333,0.029331855216785503,0.013566822241501285
433,39,If,5.0,0.4070046672450386,0.9666666666666667,0.9706681447832147,0.3934378450035373
434,39,Since,$\it{Other}$,0.19562816749075607,0.1,0.09021571942027498,0.019562816749075607
435,39,Since,5.0,0.19562816749075607,0.9,0.9097842805797248,0.17606535074168048
436,39,This,$\it{Other}$,0.3973671652642054,0.03333333333333333,0.03117118406330003,0.013245572175473513
437,39,This,5.0,0.3973671652642054,0.9666666666666667,0.9688288159366997,0.3841215930887319
438,4, sleeps,$\it{Other}$,1.0,0.16666666666666666,0.15899911974161726,0.16666666666666666
439,4, sleeps,5.0,1.0,0.8333333333333334,0.8410008802583829,0.8333333333333334
440,40, Harold,$\it{Other}$,0.09838530038019296,0.1,0.09662203292702876,0.009838530038019296
441,40, Harold,5.0,0.09838530038019296,0.9,0.9033779670729714,0.08854677034217366
442,40, he,$\it{Other}$,0.9016146996198071,0.0,0.0,0.0
443,40, he,5.0,0.9016146996198071,1.0,1.0,0.9016146996198071
444,41, sleeps,$\it{Other}$,0.9058197435581012,0.13333333333333333,0.12771025429967642,0.12077596580774683
445,41, sleeps,5.0,0.9058197435581012,0.8666666666666667,0.8722897457003235,0.7850437777503544
446,41, works,$\it{Other}$,0.09418025644189876,0.0,0.0,0.0
447,41, works,5.0,0.09418025644189876,1.0,1.0,0.09418025644189876
448,42, for,$\it{Other}$,1.0,0.03333333333333333,0.029798620075313472,0.03333333333333333
449,42, for,5.0,1.0,0.9666666666666667,0.9702013799246865,0.9666666666666667
450,43, ,$\it{Other}$,1.0,0.0,0.0,0.0
451,43, ,5.0,1.0,1.0,1.0,1.0
452,44,10,$\it{Other}$,1.0,0.1,0.09361504809019375,0.1
453,44,10,5.0,1.0,0.9,0.9063849519098063,0.9
454,45, hours,$\it{Other}$,1.0,0.06666666666666667,0.0665728426475638,0.06666666666666667
455,45, hours,5.0,1.0,0.9333333333333333,0.9334271573524365,0.9333333333333333
456,46,",",$\it{Other}$,1.0,0.03333333333333333,0.031888489640326756,0.03333333333333333
457,46,",",5.0,1.0,0.9666666666666667,0.9681115103596734,0.9666666666666667
458,47, he,$\it{Other}$,0.1652844747115876,0.03333333333333333,0.03395260425211696,0.005509482490386254
459,47, he,5.0,0.1652844747115876,0.9666666666666667,0.9660473957478828,0.15977499222120137
460,47, then,$\it{Other}$,0.8347155252884124,0.03333333333333333,0.03374308128589731,0.02782385084294708
461,47, then,5.0,0.8347155252884124,0.9666666666666667,0.9662569187141027,0.8068916744454654
462,48, he,$\it{Other}$,1.0,0.16666666666666666,0.16107035502549347,0.16666666666666666
463,48, he,5.0,1.0,0.8333333333333334,0.8389296449745066,0.8333333333333334
464,49, works,$\it{Other}$,1.0,0.03333333333333333,0.02981326471175026,0.03333333333333333
465,49, works,5.0,1.0,0.9666666666666667,0.9701867352882493,0.9666666666666667
466,5, for,$\it{Other}$,1.0,0.23333333333333334,0.23091387071992234,0.23333333333333334
467,5, for,5.0,1.0,0.7666666666666667,0.7690861292800779,0.7666666666666667
468,50, for,$\it{Other}$,1.0,0.03333333333333333,0.029587922137213063,0.03333333333333333
469,50, for,5.0,1.0,0.9666666666666667,0.9704120778627869,0.9666666666666667
470,51, ,$\it{Other}$,1.0,0.0,0.0,0.0
471,51, ,5.0,1.0,1.0,1.0,1.0
472,52,10,$\it{Other}$,0.9018651664133748,0.03333333333333333,0.03193905661670702,0.03006217221377916
473,52,10,5.0,0.9018651664133748,0.9666666666666667,0.9680609433832928,0.8718029941995956
474,52,8,$\it{Other}$,0.09813483358662517,0.06666666666666667,0.0653483260816091,0.006542322239108345
475,52,8,5.0,0.09813483358662517,0.9333333333333333,0.9346516739183904,0.09159251134751682
476,53, -,$\it{Other}$,0.30551611353558655,0.03333333333333333,0.030556752165537143,0.010183870451186218
477,53, -,5.0,0.30551611353558655,0.9666666666666667,0.9694432478344629,0.2953322430844003
478,53, hours,$\it{Other}$,0.21655826248371748,0.1,0.09029820874293665,0.02165582624837175
479,53, hours,5.0,0.21655826248371748,0.9,0.9097017912570635,0.19490243623534573
480,53,-,$\it{Other}$,0.477925623980696,0.03333333333333333,0.031093771712251354,0.015930854132689867
481,53,-,5.0,0.477925623980696,0.9666666666666667,0.968906228287749,0.46199476984800614
482,54,2,$\it{Other}$,1.0,0.06666666666666667,0.06086325820975078,0.06666666666666667
483,54,2,5.0,1.0,0.9333333333333333,0.939136741790249,0.9333333333333333
484,55, =,$\it{Other}$,0.6741242417935022,0.06666666666666667,0.061402757290746776,0.04494161611956681
485,55, =,5.0,0.6741242417935022,0.9333333333333333,0.9385972427092535,0.6291826256739353
486,55,=,$\it{Other}$,0.32587575820649783,0.0,0.0,0.0
487,55,=,5.0,0.32587575820649783,1.0,1.0,0.32587575820649783
488,56, ,$\it{Other}$,1.0,0.1,0.09948467126696776,0.1
489,56, ,5.0,1.0,0.9,0.9005153287330321,0.9
490,57,8,$\it{Other}$,1.0,0.0,0.0,0.0
491,57,8,5.0,1.0,1.0,1.0,1.0
492,58, hours,$\it{Other}$,1.0,0.03333333333333333,0.03165205545478496,0.03333333333333333
493,58, hours,5.0,1.0,0.9666666666666667,0.9683479445452152,0.9666666666666667
494,59, a,$\it{Other}$,0.1616539260607333,0.16666666666666666,0.15169911202142208,0.026942321010122217
495,59, a,5.0,0.1616539260607333,0.8333333333333334,0.8483008879785786,0.1347116050506111
496,59,".

",$\it{Other}$,0.8383460739392667,0.06666666666666667,0.06759459982856438,0.05588973826261778
497,59,".

",5.0,0.8383460739392667,0.9333333333333333,0.9324054001714358,0.782456335676649
498,6, ,$\it{Other}$,1.0,0.1,0.09454184780134804,0.1
499,6, ,5.0,1.0,0.9,0.905458152198652,0.9
500,60,3,$\it{Other}$,1.0,0.03333333333333333,0.0346550102893206,0.03333333333333333
501,60,3,5.0,1.0,0.9666666666666667,0.9653449897106793,0.9666666666666667
502,61,.,$\it{Other}$,1.0,0.0,0.0,0.0
503,61,.,5.0,1.0,1.0,1.0,1.0
504,62, He,$\it{Other}$,1.0,0.06666666666666667,0.0656853763803222,0.06666666666666667
505,62, He,5.0,1.0,0.9333333333333333,0.934314623619678,0.9333333333333333
506,63, walks,$\it{Other}$,1.0,0.06666666666666667,0.06440370629926016,0.06666666666666667
507,63, walks,5.0,1.0,0.9333333333333333,0.9355962937007397,0.9333333333333333
508,64, his,$\it{Other}$,1.0,0.0,0.0,0.0
509,64, his,5.0,1.0,1.0,1.0,1.0
510,65, dog,$\it{Other}$,1.0,0.1,0.0823410304562048,0.1
511,65, dog,5.0,1.0,0.9,0.9176589695437948,0.9
512,66, for,$\it{Other}$,1.0,0.0,0.0,0.0
513,66, for,5.0,1.0,1.0,1.0,1.0
514,67, an,$\it{Other}$,1.0,0.0,0.0,0.0
515,67, an,5.0,1.0,1.0,0.9999999999999996,1.0
516,68, hour,$\it{Other}$,1.0,0.06666666666666667,0.060621632606708234,0.06666666666666667
517,68, hour,5.0,1.0,0.9333333333333333,0.9393783673932918,0.9333333333333333
518,69, each,$\it{Other}$,1.0,0.0,0.0,0.0
519,69, each,5.0,1.0,1.0,1.0,1.0
520,7,10,$\it{Other}$,1.0,0.3333333333333333,0.33061938744745784,0.3333333333333333
521,7,10,5.0,1.0,0.6666666666666666,0.669380612552542,0.6666666666666666
522,70, day,$\it{Other}$,1.0,0.06666666666666667,0.05612865265391561,0.06666666666666667
523,70, day,5.0,1.0,0.9333333333333333,0.9438713473460845,0.9333333333333333
524,71,.,$\it{Other}$,0.7670361195108351,0.03333333333333333,0.030111352628853782,0.025567870650361167
525,71,.,5.0,0.7670361195108351,0.9666666666666667,0.9698886473711458,0.7414682488604739
526,71,".
",$\it{Other}$,0.23296388048916492,0.06666666666666667,0.06088762931233902,0.015530925365944328
527,71,".
",5.0,0.23296388048916492,0.9333333333333333,0.9391123706876612,0.21743295512322058
528,72," 
",$\it{Other}$,1.0,0.0,0.0,0.0
529,72," 
",5.0,1.0,1.0,1.0,1.0
530,73,So,$\it{Other}$,0.0830462685242699,0.1,0.09960252120138222,0.00830462685242699
531,73,So,5.0,0.0830462685242699,0.9,0.900397478798618,0.07474164167184291
532,73,This,$\it{Other}$,0.9169537314757301,0.03333333333333333,0.03294294844429932,0.030565124382524338
533,73,This,5.0,0.9169537314757301,0.9666666666666667,0.9670570515557009,0.8863886070932058
534,74, means,$\it{Other}$,0.9409391620098652,0.06666666666666667,0.0608881555015188,0.06272927746732435
535,74, means,5.0,0.9409391620098652,0.9333333333333333,0.9391118444984812,0.8782098845425408
536,74, takes,$\it{Other}$,0.05906083799013474,0.0,0.0,0.0
537,74, takes,5.0,0.05906083799013474,1.0,0.9999999999999996,0.05906083799013474
538,75, he,$\it{Other}$,0.11478027626634948,0.0,0.0,0.0
539,75, he,5.0,0.11478027626634948,1.0,1.0,0.11478027626634948
540,75, that,$\it{Other}$,0.8852197237336505,0.06666666666666667,0.06111804511352261,0.059014648248910034
541,75, that,5.0,0.8852197237336505,0.9333333333333333,0.9388819548864775,0.8262050754847405
542,76, he,$\it{Other}$,0.9478053908153299,0.0,0.0,0.0
543,76, he,5.0,0.9478053908153299,1.0,1.0,0.9478053908153299
544,76, out,$\it{Other}$,0.05219460918467019,0.16666666666666666,0.1621142056661118,0.008699101530778365
545,76, out,5.0,0.05219460918467019,0.8333333333333334,0.8378857943338882,0.043495507653891825
546,77, spends,$\it{Other}$,1.0,0.0,0.0,0.0
547,77, spends,5.0,1.0,1.0,1.0000000000000004,1.0
548,78, ,$\it{Other}$,0.5892067901381609,0.03333333333333333,0.035158996680755644,0.019640226337938698
549,78, ,5.0,0.5892067901381609,0.9666666666666667,0.9648410033192442,0.5695665638002222
550,78, an,$\it{Other}$,0.410793209861839,0.0,0.0,0.0
551,78, an,5.0,0.410793209861839,1.0,1.0,0.410793209861839
552,79,1,$\it{Other}$,1.0,0.0,0.0,0.0
553,79,1,5.0,1.0,1.0,1.0,1.0
554,8, hours,$\it{Other}$,1.0,0.06666666666666667,0.06730868326533626,0.06666666666666667
555,8, hours,5.0,1.0,0.9333333333333333,0.9326913167346632,0.9333333333333333
556,80, hour,$\it{Other}$,1.0,0.0,0.0,0.0
557,80, hour,5.0,1.0,1.0,1.0,1.0
558,81, of,$\it{Other}$,0.9046679681307498,0.03333333333333333,0.02798021781435653,0.03015559893769166
559,81, of,5.0,0.9046679681307498,0.9666666666666667,0.9720197821856436,0.8745123691930581
560,81, walking,$\it{Other}$,0.09533203186925017,0.0,0.0,0.0
561,81, walking,5.0,0.09533203186925017,1.0,1.0000000000000004,0.09533203186925017
562,82, his,$\it{Other}$,1.0,0.0,0.0,0.0
563,82, his,5.0,1.0,1.0,1.0,1.0
564,83, day,$\it{Other}$,1.0,0.0,0.0,0.0
565,83, day,5.0,1.0,1.0,1.0000000000000004,1.0
566,84, walking,$\it{Other}$,1.0,0.03333333333333333,0.03352508055571347,0.03333333333333333
567,84, walking,5.0,1.0,0.9666666666666667,0.9664749194442863,0.9666666666666667
568,85, his,$\it{Other}$,1.0,0.0,0.0,0.0
569,85, his,5.0,1.0,1.0,1.0,1.0
570,86, dog,$\it{Other}$,1.0,0.03333333333333333,0.02858746198934868,0.03333333333333333
571,86, dog,5.0,1.0,0.9666666666666667,0.9714125380106512,0.9666666666666667
572,87,".

",$\it{Other}$,1.0,0.0,0.0,0.0
573,87,".

",5.0,1.0,1.0,1.0000000000000004,1.0
574,88,4,$\it{Other}$,0.8259112833300851,0.0,0.0,0.0
575,88,4,5.0,0.8259112833300851,1.0,1.0,0.8259112833300851
576,88,So,$\it{Other}$,0.059872428834230586,0.0,0.0,0.0
577,88,So,5.0,0.059872428834230586,1.0,1.0,0.059872428834230586
578,88,Therefore,$\it{Other}$,0.11421628783568427,0.06666666666666667,0.058568673006748534,0.007614419189045618
579,88,Therefore,5.0,0.11421628783568427,0.9333333333333333,0.9414313269932517,0.10660186864663866
580,89,.,$\it{Other}$,1.0,0.06666666666666667,0.06619599786137902,0.06666666666666667
581,89,.,5.0,1.0,0.9333333333333333,0.933804002138621,0.9333333333333333
582,9, a,$\it{Other}$,1.0,0.13333333333333333,0.12708205481788032,0.13333333333333333
583,9, a,5.0,1.0,0.8666666666666667,0.8729179451821197,0.8666666666666667
584,90, How,$\it{Other}$,0.7240910528502713,0.0,0.0,0.0
585,90, How,5.0,0.7240910528502713,1.0,1.0,0.7240910528502713
586,90, Now,$\it{Other}$,0.05748857015227323,0.03333333333333333,0.032953582611532986,0.001916285671742441
587,90, Now,5.0,0.05748857015227323,0.9666666666666667,0.9670464173884674,0.05557228448053079
588,90, So,$\it{Other}$,0.08817861277670444,0.0,0.0,0.0
589,90, So,5.0,0.08817861277670444,1.0,0.9999999999999996,0.08817861277670444
590,90, Total,$\it{Other}$,0.13024176422075096,0.03333333333333333,0.025477916911791423,0.004341392140691698
591,90, Total,5.0,0.13024176422075096,0.9666666666666667,0.9745220830882088,0.12590037208005925
592,91, much,$\it{Other}$,1.0,0.0,0.0,0.0
593,91, much,5.0,1.0,1.0,1.0,1.0
594,92, free,$\it{Other}$,1.0,0.0,0.0,0.0
595,92, free,5.0,1.0,1.0,1.0000000000000004,1.0
596,93, time,$\it{Other}$,1.0,0.0,0.0,0.0
597,93, time,5.0,1.0,1.0,1.0,1.0
598,94, does,$\it{Other}$,1.0,0.03333333333333333,0.035232962116403074,0.03333333333333333
599,94, does,5.0,1.0,0.9666666666666667,0.9647670378835969,0.9666666666666667
600,95, Harold,$\it{Other}$,0.948765613133106,0.03333333333333333,0.03464592249506327,0.0316255204377702
601,95, Harold,5.0,0.948765613133106,0.9666666666666667,0.9653540775049368,0.9171400926953358
602,95, he,$\it{Other}$,0.051234386866893945,0.0,0.0,0.0
603,95, he,5.0,0.051234386866893945,1.0,1.0,0.051234386866893945
604,96, have,$\it{Other}$,1.0,0.0,0.0,0.0
605,96, have,5.0,1.0,1.0,1.0,1.0
606,97, left,$\it{Other}$,1.0,0.06666666666666667,0.057238796691277995,0.06666666666666667
607,97, left,5.0,1.0,0.9333333333333333,0.942761203308722,0.9333333333333333
608,98, in,$\it{Other}$,1.0,0.03333333333333333,0.03275365978211719,0.03333333333333333
609,98, in,5.0,1.0,0.9666666666666667,0.9672463402178828,0.9666666666666667
610,99, his,$\it{Other}$,1.0,0.0,0.0,0.0
611,99, his,5.0,1.0,1.0,1.0,1.0
